MANY  
Total:		6.24266666666666666666
Solving:	3.23000000000000000000
CPU:		15.58233333333333333333
 


FRUMPY   
Total:		6.69666666666666666666
Solving:	3.76333333333333333333
CPU:		17.86066666666666666666
 
