MANY  
Total:		2.97466666666666666666
Solving:	.21666666666666666666
CPU:		3.55433333333333333333
 


FRUMPY   
Total:		2.88966666666666666666
Solving:	.19333333333333333333
CPU:		3.42333333333333333333
 
