MANY  
Total:		12.93400000000000000000
Solving:	.68666666666666666666
CPU:		14.68400000000000000000
 


FRUMPY   
Total:		13.66733333333333333333
Solving:	.96333333333333333333
CPU:		16.38533333333333333333
 
