MANY  
Total:		4.95900000000000000000
Solving:	.24333333333333333333
CPU:		5.54866666666666666666
 


FRUMPY   
Total:		3.65933333333333333333
Solving:	.20666666666666666666
CPU:		4.20766666666666666666
 
