MANY  
Total:		16.57400000000000000000
Solving:	2.73333333333333333333
CPU:		23.40866666666666666666
 


FRUMPY   
Total:		14.52800000000000000000
Solving:	1.35666666666666666666
CPU:		18.11200000000000000000
 
