MANY  
Total:		18.86733333333333333333
Solving:	2.90666666666666666666
CPU:		25.83466666666666666666
 


FRUMPY   
Total:		16.11200000000000000000
Solving:	1.64333333333333333333
CPU:		20.46866666666666666666
 
