MANY  
Total:		8.37233333333333333333
Solving:	1.69000000000000000000
CPU:		12.98466666666666666666
 


FRUMPY   
Total:		7.52166666666666666666
Solving:	1.23333333333333333333
CPU:		11.01366666666666666666
 
