MANY  
Total:		580.87200000000000000000
Solving:	13.56000000000000000000
CPU:		618.16700000000000000000
 


FRUMPY   
Total:		9999.99000000000000000000
Solving:	9999.99000000000000000000
CPU:		9999.99000000000000000000
 
