MANY  
Total:		32.88200000000000000000
Solving:	7.71000000000000000000
CPU:		53.49200000000000000000
 


FRUMPY   
Total:		14.84800000000000000000
Solving:	4.71000000000000000000
CPU:		28.62700000000000000000
 
