MANY  
Total:		85.86833333333333333333
Solving:	3.83333333333333333333
CPU:		95.59900000000000000000
 


FRUMPY   
Total:		87.29933333333333333333
Solving:	5.56000000000000000000
CPU:		102.93233333333333333333
 
