MANY  
Total:		124.85300000000000000000
Solving:	6.59333333333333333333
CPU:		142.70700000000000000000
 


FRUMPY   
Total:		121.93133333333333333333
Solving:	5.22000000000000000000
CPU:		136.45000000000000000000
 
