MANY  
Total:		1260.12300000000000000000
Solving:	3.29000000000000000000
CPU:		421.76800000000000000000
 


FRUMPY   
Total:		1117.73700000000000000000
Solving:	105.64000000000000000000
CPU:		1430.67700000000000000000
 
