MANY  
Total:		6.69200000000000000000
Solving:	.42666666666666666666
CPU:		7.67600000000000000000
 


FRUMPY   
Total:		2.46133333333333333333
Solving:	.19000000000000000000
CPU:		2.97033333333333333333
 
