MANY  
Total:		225.49333333333333333333
Solving:	215.02666666666666666666
CPU:		869.05733333333333333333
 


FRUMPY   
Total:		313.35500000000000000000
Solving:	303.83666666666666666666
CPU:		1224.06033333333333333333
 
