MANY  
Total:		89.94900000000000000000
Solving:	6.16000000000000000000
CPU:		106.91733333333333333333
 


FRUMPY   
Total:		90.03333333333333333333
Solving:	6.03666666666666666666
CPU:		107.11466666666666666666
 
