MANY  
Total:		67.12933333333333333333
Solving:	4.89000000000000000000
CPU:		80.26633333333333333333
 


FRUMPY   
Total:		27.35933333333333333333
Solving:	4.32000000000000000000
CPU:		39.82400000000000000000
 
