MANY  
Total:		153.15100000000000000000
Solving:	62.98000000000000000000
CPU:		337.50600000000000000000
 


FRUMPY   
Total:		98.78300000000000000000
Solving:	67.80000000000000000000
CPU:		300.66700000000000000000
 
