MANY  
Total:		36.79533333333333333333
Solving:	7.59666666666666666666
CPU:		57.75500000000000000000
 


FRUMPY   
Total:		38.34900000000000000000
Solving:	9.96666666666666666666
CPU:		67.49633333333333333333
 
