MANY  
Total:		58.38533333333333333333
Solving:	12.04000000000000000000
CPU:		92.81733333333333333333
 


FRUMPY   
Total:		58.26866666666666666666
Solving:	12.43000000000000000000
CPU:		94.83800000000000000000
 
