MANY  
Total:		160.94466666666666666666
Solving:	9.82666666666666666666
CPU:		188.20800000000000000000
 


FRUMPY   
Total:		157.31666666666666666666
Solving:	8.37000000000000000000
CPU:		180.91833333333333333333
 
