MANY  
Total:		3.08766666666666666666
Solving:	.26333333333333333333
CPU:		3.71866666666666666666
 


FRUMPY   
Total:		1.13600000000000000000
Solving:	.07333333333333333333
CPU:		1.32500000000000000000
 
