MANY  
Total:		6927.02933333333333333333
Solving:	6672.22333333333333333333
CPU:		6941.99133333333333333333
 


FRUMPY   
Total:		3776.53100000000000000000
Solving:	3350.61000000000000000000
CPU:		3826.92300000000000000000
 
