MANY  
Total:		10.25400000000000000000
Solving:	.68000000000000000000
CPU:		12.00800000000000000000
 


FRUMPY   
Total:		28.02600000000000000000
Solving:	.74000000000000000000
CPU:		29.71500000000000000000
 
