MANY  
Total:		27.68366666666666666666
Solving:	22.91333333333333333333
CPU:		95.95700000000000000000
 


FRUMPY   
Total:		28.51433333333333333333
Solving:	25.01666666666666666666
CPU:		103.35433333333333333333
 
