MANY  
Total:		3.15233333333333333333
Solving:	.93000000000000000000
CPU:		5.77400000000000000000
 


FRUMPY   
Total:		2.66766666666666666666
Solving:	.91333333333333333333
CPU:		5.32633333333333333333
 
