MANY  
Total:		5526.49100000000000000000
Solving:	5089.31500000000000000000
CPU:		5788.52200000000000000000
 


FRUMPY   
Total:		5871.70400000000000000000
Solving:	5032.54500000000000000000
CPU:		5966.34200000000000000000
 
