MANY  
Total:		162.13766666666666666666
Solving:	58.77666666666666666666
CPU:		334.64833333333333333333
 


FRUMPY   
Total:		257.11833333333333333333
Solving:	90.38333333333333333333
CPU:		526.07366666666666666666
 
