MANY  
Total:		1.24966666666666666666
Solving:	.32666666666666666666
CPU:		2.13933333333333333333
 


FRUMPY   
Total:		1.21533333333333333333
Solving:	.25666666666666666666
CPU:		1.94500000000000000000
 
