MANY  
Total:		7.94433333333333333333
Solving:	4.29666666666666666666
CPU:		20.41566666666666666666
 


FRUMPY   
Total:		5.55800000000000000000
Solving:	1.95666666666666666666
CPU:		11.22133333333333333333
 
