MANY  
Total:		182.18700000000000000000
Solving:	51.77000000000000000000
CPU:		334.28300000000000000000
 


FRUMPY   
Total:		56.48800000000000000000
Solving:	24.55000000000000000000
CPU:		129.32400000000000000000
 
