MANY  
Total:		52.82366666666666666666
Solving:	43.16000000000000000000
CPU:		181.24933333333333333333
 


FRUMPY   
Total:		46.48466666666666666666
Solving:	37.09666666666666666666
CPU:		157.27766666666666666666
 
