MANY  
Total:		44.00033333333333333333
Solving:	2.66000000000000000000
CPU:		51.03233333333333333333
 


FRUMPY   
Total:		16.13500000000000000000
Solving:	1.19333333333333333333
CPU:		19.51600000000000000000
 
