MANY  
Total:		19.25466666666666666666
Solving:	3.03000000000000000000
CPU:		26.27800000000000000000
 


FRUMPY   
Total:		17.75666666666666666666
Solving:	1.86000000000000000000
CPU:		22.44866666666666666666
 
