MANY  
Total:		17.90200000000000000000
Solving:	2.64000000000000000000
CPU:		24.18700000000000000000
 


FRUMPY   
Total:		15.96466666666666666666
Solving:	1.59333333333333333333
CPU:		20.14266666666666666666
 
