MANY  
Total:		4.77300000000000000000
Solving:	.30000000000000000000
CPU:		5.51166666666666666666
 


FRUMPY   
Total:		6.52533333333333333333
Solving:	.23666666666666666666
CPU:		7.15766666666666666666
 
