MANY  
Total:		29.26033333333333333333
Solving:	4.19666666666666666666
CPU:		39.68833333333333333333
 


FRUMPY   
Total:		19.16400000000000000000
Solving:	2.11666666666666666666
CPU:		24.67800000000000000000
 
