MANY  
Total:		4220.27533333333333333333
Solving:	3853.98000000000000000000
CPU:		3939.23733333333333333333
 


FRUMPY   
Total:		839.27600000000000000000
Solving:	304.68666666666666666666
CPU:		909.07800000000000000000
 
