MANY  
Total:		15.47800000000000000000
Solving:	1.02333333333333333333
CPU:		17.96533333333333333333
 


FRUMPY   
Total:		23.39533333333333333333
Solving:	.98000000000000000000
CPU:		25.97100000000000000000
 
