MANY  
Total:		12.26066666666666666666
Solving:	2.17333333333333333333
CPU:		18.19400000000000000000
 


FRUMPY   
Total:		10.83266666666666666666
Solving:	1.98333333333333333333
CPU:		16.55666666666666666666
 
