MANY  
Total:		26.69466666666666666666
Solving:	1.30000000000000000000
CPU:		30.04733333333333333333
 


FRUMPY   
Total:		7.68166666666666666666
Solving:	.50666666666666666666
CPU:		9.04533333333333333333
 
