MANY  
Total:		1.37700000000000000000
Solving:	.19333333333333333333
CPU:		1.88233333333333333333
 


FRUMPY   
Total:		1.53433333333333333333
Solving:	.11333333333333333333
CPU:		1.83566666666666666666
 
