MANY  
Total:		26.91700000000000000000
Solving:	12.32000000000000000000
CPU:		62.60500000000000000000
 


FRUMPY   
Total:		23.68333333333333333333
Solving:	9.11666666666666666666
CPU:		50.48266666666666666666
 
