MANY  
Total:		16.88000000000000000000
Solving:	3.02333333333333333333
CPU:		25.31600000000000000000
 


FRUMPY   
Total:		15.37533333333333333333
Solving:	2.24000000000000000000
CPU:		21.83366666666666666666
 
