MANY  
Total:		1.88333333333333333333
Solving:	.13333333333333333333
CPU:		2.21466666666666666666
 


FRUMPY   
Total:		1.94766666666666666666
Solving:	.20000000000000000000
CPU:		2.50933333333333333333
 
