MANY  
Total:		17.14466666666666666666
Solving:	2.31666666666666666666
CPU:		22.42133333333333333333
 


FRUMPY   
Total:		15.63633333333333333333
Solving:	1.48000000000000000000
CPU:		19.55766666666666666666
 
