MANY  
Total:		4.40833333333333333333
Solving:	.24333333333333333333
CPU:		5.00800000000000000000
 


FRUMPY   
Total:		4.76600000000000000000
Solving:	.26000000000000000000
CPU:		5.45700000000000000000
 
