MANY  
Total:		1264.03400000000000000000
Solving:	3.84000000000000000000
CPU:		424.90400000000000000000
 


FRUMPY   
Total:		9999.99000000000000000000
Solving:	9999.99000000000000000000
CPU:		9999.99000000000000000000
 
