MANY  
Total:		31.71700000000000000000
Solving:	12.05000000000000000000
CPU:		66.49700000000000000000
 


FRUMPY   
Total:		30.08500000000000000000
Solving:	16.81000000000000000000
CPU:		80.05500000000000000000
 
