MANY  
Total:		1406.00466666666666666666
Solving:	78.90333333333333333333
CPU:		1637.28333333333333333333
 


FRUMPY   
Total:		1280.91266666666666666666
Solving:	37.08333333333333333333
CPU:		1388.97000000000000000000
 
