MANY  
Total:		123.48500000000000000000
Solving:	26.22333333333333333333
CPU:		195.91000000000000000000
 


FRUMPY   
Total:		151.09333333333333333333
Solving:	57.00666666666666666666
CPU:		318.42800000000000000000
 
