MANY  
Total:		1262.21600000000000000000
Solving:	13.67000000000000000000
CPU:		462.48500000000000000000
 


FRUMPY   
Total:		9999.99000000000000000000
Solving:	9999.99000000000000000000
CPU:		9999.99000000000000000000
 
