MANY  
Total:		7.27366666666666666666
Solving:	1.27666666666666666666
CPU:		10.69866666666666666666
 


FRUMPY   
Total:		7.18300000000000000000
Solving:	1.23666666666666666666
CPU:		10.71033333333333333333
 
