MANY  
Total:		1165.83933333333333333333
Solving:	689.61666666666666666666
CPU:		1779.29166666666666666666
 


FRUMPY   
Total:		866.96766666666666666666
Solving:	398.05333333333333333333
CPU:		2026.19833333333333333333
 
