MANY  
Total:		7030.87766666666666666666
Solving:	6669.66666666666666666666
CPU:		7038.52400000000000000000
 


FRUMPY   
Total:		7221.26100000000000000000
Solving:	6670.94000000000000000000
CPU:		7233.52566666666666666666
 
