MANY  
Total:		204.52300000000000000000
Solving:	90.65000000000000000000
CPU:		469.44300000000000000000
 


FRUMPY   
Total:		146.34333333333333333333
Solving:	35.42666666666666666666
CPU:		249.25033333333333333333
 
