MANY  
Total:		96.58666666666666666666
Solving:	1.45000000000000000000
CPU:		99.91900000000000000000
 


FRUMPY   
Total:		14.07700000000000000000
Solving:	.31333333333333333333
CPU:		14.87100000000000000000
 
