MANY  
Total:		4290.53733333333333333333
Solving:	4211.97000000000000000000
CPU:		6916.74266666666666666666
 


FRUMPY   
Total:		9999.99000000000000000000
Solving:	9999.99000000000000000000
CPU:		9999.99000000000000000000
 
