MANY  
Total:		24.74066666666666666666
Solving:	.75333333333333333333
CPU:		26.45300000000000000000
 


FRUMPY   
Total:		8.74700000000000000000
Solving:	.33666666666666666666
CPU:		9.64933333333333333333
 
