MANY  
Total:		19.31800000000000000000
Solving:	3.16666666666666666666
CPU:		26.96700000000000000000
 


FRUMPY   
Total:		16.48533333333333333333
Solving:	1.60333333333333333333
CPU:		20.67600000000000000000
 
