MANY  
Total:		27.18566666666666666666
Solving:	3.62333333333333333333
CPU:		36.03666666666666666666
 


FRUMPY   
Total:		17.55433333333333333333
Solving:	1.97666666666666666666
CPU:		22.76133333333333333333
 
