MANY  
Total:		6.20566666666666666666
Solving:	1.68666666666666666666
CPU:		10.90766666666666666666
 


FRUMPY   
Total:		4.97433333333333333333
Solving:	.83666666666666666666
CPU:		7.31100000000000000000
 
