MANY  
Total:		9999.99000000000000000000
Solving:	9999.99000000000000000000
CPU:		9999.99000000000000000000
 


FRUMPY   
Total:		9999.99000000000000000000
Solving:	9999.99000000000000000000
CPU:		9999.99000000000000000000
 
