MANY  
Total:		4.89733333333333333333
Solving:	.23000000000000000000
CPU:		5.45000000000000000000
 


FRUMPY   
Total:		7.42033333333333333333
Solving:	.23333333333333333333
CPU:		7.99833333333333333333
 
