MANY  
Total:		17.58333333333333333333
Solving:	2.36666666666666666666
CPU:		23.32100000000000000000
 


FRUMPY   
Total:		14.89366666666666666666
Solving:	1.41000000000000000000
CPU:		18.66300000000000000000
 
