MANY  
Total:		1.59766666666666666666
Solving:	.13666666666666666666
CPU:		1.91900000000000000000
 


FRUMPY   
Total:		1.31033333333333333333
Solving:	.08666666666666666666
CPU:		1.52233333333333333333
 
