MANY  
Total:		1.73100000000000000000
Solving:	.11000000000000000000
CPU:		2.02033333333333333333
 


FRUMPY   
Total:		1.79833333333333333333
Solving:	.13000000000000000000
CPU:		2.15700000000000000000
 
