MANY  
Total:		2.56200000000000000000
Solving:	.45000000000000000000
CPU:		3.79600000000000000000
 


FRUMPY   
Total:		2.49100000000000000000
Solving:	.38666666666666666666
CPU:		3.59266666666666666666
 
