MANY  
Total:		94.36300000000000000000
Solving:	4.57000000000000000000
CPU:		106.24166666666666666666
 


FRUMPY   
Total:		95.25466666666666666666
Solving:	6.25333333333333333333
CPU:		113.01700000000000000000
 
